4
-1  10  15  20
10  -1  35  25
15  35  -1  30
20  25  30  -1

Sol: 0 2 3 1 0 (80)
------------------

Link: https://www.geeksforgeeks.org/travelling-salesman-problem-tsp-using-reduced-matrix-method/?tab=article


5
-1  20  30  10  11
15  -1  16   4   2
 3   5  -1   2   4
19   6  18  -1   3
16   4   7  16  -1

Sol: 0 3 1 4 2 0 (28)
------------------

Link: https://iq.opengenus.org/travelling-salesman-branch-bound/



4
-1  12  14  17
12  -1  15  18
14  15  -1  29
17  18  29  -1

Sol: 0 2 1 3 0 (64)
------------------

6
-1  12  29  22  13  24
12  -1  19   3  25   6
29  19  -1  21  23  28
22   3  21  -1   4   5
13  25  23   4  -1  16
24   6  28   5  16  -1

Sol: 0 4 3 5 1 2 0 (76)
------------------

5
-1  14  15   4   9
14  -1  18   5  13
15  18  -1  19  10
 4   5  19  -1  12
 9  13  10  12  -1

Sol: 0 4 2 1 3 0 (46)
------------------

5
-1  12  10  19   8
12  -1   3   7   2
10   3  -1   6  20
19   7   6  -1   4
 8   2  20   4  -1

Sol: 0 2 1 3 4 0 (32)
------------------

Link: https://jlmartin.ku.edu/courses/math105-F14/chapter6-part6.pdf
